0
2
3
4
5
9
10
11
12
13
14
15
16
17
18
19
21
24
25
27
29
30
31
32
33
34
36
37
38
39
40
41
42
44
45
46
47
48
49
51
52
53
58
60
61
63
64
65
66
67
68
69
72
73
74
75
76
77
78
79
80
81
82
83
84
85
86
87
88
90
91
92
93
94
95
96
98
99
100
101
102
104
105
106
109
110
111
112
113
115
116
117
118
119
120
121
122
123
124
125
126
127
128
130
131
132
133
134
135
136
137
138
140
141
142
143
145
146
147
149
151
153
154
155
156
158
159
161
162
163
165
166
167
168
169
170
171
172
173
174
175
176
178
179
181
182
183
184
185
186
187
188
190
192
193
194
197
198
199
201
202
203
204
205
206
207
208
209
210
211
213
214
215
216
218
219
220
221
223
224
225
227
228
229
230
231
233
234
235
236
237
238
239
240
241
242
243
244
246
247
248
249
250
252
253
256
257
258
260
261
262
263
265
267
270
271
272
273
274
275
276
277
278
279
280
281
282
283
284
285
286
287
288
290
291
292
293
294
295
296
298
299
300
301
302
303
306
307
308
309
310
311
312
313
314
315
316
317
318
321
322
323
324
325
326
327
329
330
331
332
333
334
335
336
337
338
339
341
342
343
344
346
347
349
350
351
352
353
355
356
359
360
361
362
363
364
365
366
367
368
369
371
372
373
374
376
377
378
380
381
382
383
385
386
388
389
390
391
392
394
395
396
397
400
401
402
404
405
406
407
408
409
411
413
414
416
417
418
419
420
422
423
425
427
428
429
430
431
432
435
437
438
439
440
442
443
444
445
446
447
448
450
451
452
453
455
457
461
462
463
464
465
466
467
468
469
470
471
472
473
476
477
478
479
480
481
482
483
484
485
486
487
488
489
492
493
494
495
496
497
498
499
501
502
